0
[[1, 2, 3], [4, 0, 5], [6, 7, 8]] 0 6
[[1, 2, 3], [4, 0, 5], [6, 7, 8]] 0 6
[[1, 2, 3], [4, 0, 5], [6, 7, 8]] 0 6
[[1, 2, 3], [4, 0, 5], [6, 7, 8]] 0 6
1
[[1, 2, 3], [0, 4, 5], [6, 7, 8]] 1 5
[[1, 2, 3], [0, 4, 5], [6, 7, 8]] 1 5
[[1, 2, 3], [0, 4, 5], [6, 7, 8]] 1 5
2
[[1, 0, 3], [4, 2, 5], [6, 7, 8]] 1 7
[[1, 0, 3], [4, 2, 5], [6, 7, 8]] 1 7
[[1, 0, 3], [4, 2, 5], [6, 7, 8]] 1 7
3
[[1, 2, 3], [4, 5, 0], [6, 7, 8]] 1 7
[[1, 2, 3], [4, 5, 0], [6, 7, 8]] 1 7
[[1, 2, 3], [4, 5, 0], [6, 7, 8]] 1 7
4
[[1, 2, 3], [4, 7, 5], [6, 0, 8]] 1 7
[[1, 2, 3], [4, 7, 5], [6, 0, 8]] 1 7
[[1, 2, 3], [4, 7, 5], [6, 0, 8]] 1 7
5
[[0, 2, 3], [1, 4, 5], [6, 7, 8]] 2 6
[[0, 2, 3], [1, 4, 5], [6, 7, 8]] 2 6
6
[[1, 2, 3], [6, 4, 5], [0, 7, 8]] 2 6
[[1, 2, 3], [6, 4, 5], [0, 7, 8]] 2 6
7
[[0, 1, 3], [4, 2, 5], [6, 7, 8]] 2 6
[[0, 1, 3], [4, 2, 5], [6, 7, 8]] 2 6
8
[[1, 3, 0], [4, 2, 5], [6, 7, 8]] 2 6
[[1, 3, 0], [4, 2, 5], [6, 7, 8]] 2 6
9
[[1, 2, 0], [4, 5, 3], [6, 7, 8]] 2 6
[[1, 2, 0], [4, 5, 3], [6, 7, 8]] 2 6
10
[[1, 0, 2], [4, 5, 3], [6, 7, 8]] 3 5
[[1, 0, 2], [4, 5, 3], [6, 7, 8]] 3 5
[[1, 0, 2], [4, 5, 3], [6, 7, 8]] 3 5
11
[[0, 1, 2], [4, 5, 3], [6, 7, 8]] 4 4
[[0, 1, 2], [4, 5, 3], [6, 7, 8]] 4 4
12
[[1, 2, 3], [4, 5, 8], [6, 7, 0]] 2 8
[[1, 2, 3], [4, 5, 8], [6, 7, 0]] 2 8
13
[[1, 2, 3], [4, 7, 5], [0, 6, 8]] 2 8
[[1, 2, 3], [4, 7, 5], [0, 6, 8]] 2 8
14
[[1, 2, 3], [4, 7, 5], [6, 8, 0]] 2 8
[[1, 2, 3], [4, 7, 5], [6, 8, 0]] 2 8
15
[[2, 0, 3], [1, 4, 5], [6, 7, 8]] 3 7
[[2, 0, 3], [1, 4, 5], [6, 7, 8]] 3 7
[[2, 0, 3], [1, 4, 5], [6, 7, 8]] 3 7
16
[[1, 2, 3], [6, 4, 5], [7, 0, 8]] 3 7
[[1, 2, 3], [6, 4, 5], [7, 0, 8]] 3 7
[[1, 2, 3], [6, 4, 5], [7, 0, 8]] 3 7
17
[[4, 1, 3], [0, 2, 5], [6, 7, 8]] 3 7
[[4, 1, 3], [0, 2, 5], [6, 7, 8]] 3 7
[[4, 1, 3], [0, 2, 5], [6, 7, 8]] 3 7
18
[[1, 3, 5], [4, 2, 0], [6, 7, 8]] 3 7
[[1, 3, 5], [4, 2, 0], [6, 7, 8]] 3 7
[[1, 3, 5], [4, 2, 0], [6, 7, 8]] 3 7
19
[[1, 5, 2], [4, 0, 3], [6, 7, 8]] 4 6
[[1, 5, 2], [4, 0, 3], [6, 7, 8]] 4 6
[[1, 5, 2], [4, 0, 3], [6, 7, 8]] 4 6
[[1, 5, 2], [4, 0, 3], [6, 7, 8]] 4 6
20
[[4, 1, 2], [0, 5, 3], [6, 7, 8]] 5 5
[[4, 1, 2], [0, 5, 3], [6, 7, 8]] 5 5
[[4, 1, 2], [0, 5, 3], [6, 7, 8]] 5 5
21
[[2, 3, 0], [1, 4, 5], [6, 7, 8]] 4 6
[[2, 3, 0], [1, 4, 5], [6, 7, 8]] 4 6
22
[[1, 3, 5], [4, 0, 2], [6, 7, 8]] 4 6
[[1, 3, 5], [4, 0, 2], [6, 7, 8]] 4 6
[[1, 3, 5], [4, 0, 2], [6, 7, 8]] 4 6
[[1, 3, 5], [4, 0, 2], [6, 7, 8]] 4 6
23
[[1, 5, 2], [0, 4, 3], [6, 7, 8]] 5 5
[[1, 5, 2], [0, 4, 3], [6, 7, 8]] 5 5
[[1, 5, 2], [0, 4, 3], [6, 7, 8]] 5 5
24
[[1, 5, 2], [4, 3, 0], [6, 7, 8]] 5 5
[[1, 5, 2], [4, 3, 0], [6, 7, 8]] 5 5
[[1, 5, 2], [4, 3, 0], [6, 7, 8]] 5 5
25
[[1, 3, 5], [0, 4, 2], [6, 7, 8]] 5 5
[[1, 3, 5], [0, 4, 2], [6, 7, 8]] 5 5
[[1, 3, 5], [0, 4, 2], [6, 7, 8]] 5 5
26
[[1, 0, 5], [4, 3, 2], [6, 7, 8]] 5 5
[[1, 0, 5], [4, 3, 2], [6, 7, 8]] 5 5
[[1, 0, 5], [4, 3, 2], [6, 7, 8]] 5 5
27
[[0, 1, 5], [4, 3, 2], [6, 7, 8]] 6 4
[[0, 1, 5], [4, 3, 2], [6, 7, 8]] 6 4
28
[[1, 2, 3], [4, 5, 8], [6, 0, 7]] 3 9
[[1, 2, 3], [4, 5, 8], [6, 0, 7]] 3 9
[[1, 2, 3], [4, 5, 8], [6, 0, 7]] 3 9
29
[[1, 2, 3], [0, 7, 5], [4, 6, 8]] 3 9
[[1, 2, 3], [0, 7, 5], [4, 6, 8]] 3 9
[[1, 2, 3], [0, 7, 5], [4, 6, 8]] 3 9
30
[[1, 2, 3], [4, 7, 0], [6, 8, 5]] 3 9
[[1, 2, 3], [4, 7, 0], [6, 8, 5]] 3 9
[[1, 2, 3], [4, 7, 0], [6, 8, 5]] 3 9
31
[[2, 4, 3], [1, 0, 5], [6, 7, 8]] 4 8
[[2, 4, 3], [1, 0, 5], [6, 7, 8]] 4 8
[[2, 4, 3], [1, 0, 5], [6, 7, 8]] 4 8
[[2, 4, 3], [1, 0, 5], [6, 7, 8]] 4 8
32
[[1, 2, 3], [6, 0, 5], [7, 4, 8]] 4 8
[[1, 2, 3], [6, 0, 5], [7, 4, 8]] 4 8
[[1, 2, 3], [6, 0, 5], [7, 4, 8]] 4 8
[[1, 2, 3], [6, 0, 5], [7, 4, 8]] 4 8
33
[[1, 2, 3], [6, 4, 5], [7, 8, 0]] 4 8
[[1, 2, 3], [6, 4, 5], [7, 8, 0]] 4 8
34
[[4, 1, 3], [2, 0, 5], [6, 7, 8]] 4 8
[[4, 1, 3], [2, 0, 5], [6, 7, 8]] 4 8
[[4, 1, 3], [2, 0, 5], [6, 7, 8]] 4 8
[[4, 1, 3], [2, 0, 5], [6, 7, 8]] 4 8
35
[[4, 1, 3], [6, 2, 5], [0, 7, 8]] 4 8
[[4, 1, 3], [6, 2, 5], [0, 7, 8]] 4 8
36
[[1, 3, 5], [4, 2, 8], [6, 7, 0]] 4 8
[[1, 3, 5], [4, 2, 8], [6, 7, 0]] 4 8
37
[[1, 5, 2], [4, 7, 3], [6, 0, 8]] 5 7
[[1, 5, 2], [4, 7, 3], [6, 0, 8]] 5 7
[[1, 5, 2], [4, 7, 3], [6, 0, 8]] 5 7
38
[[4, 1, 2], [5, 0, 3], [6, 7, 8]] 6 6
[[4, 1, 2], [5, 0, 3], [6, 7, 8]] 6 6
[[4, 1, 2], [5, 0, 3], [6, 7, 8]] 6 6
[[4, 1, 2], [5, 0, 3], [6, 7, 8]] 6 6
39
[[4, 1, 2], [6, 5, 3], [0, 7, 8]] 6 6
[[4, 1, 2], [6, 5, 3], [0, 7, 8]] 6 6
40
[[2, 3, 5], [1, 4, 0], [6, 7, 8]] 5 7
[[2, 3, 5], [1, 4, 0], [6, 7, 8]] 5 7
[[2, 3, 5], [1, 4, 0], [6, 7, 8]] 5 7
41
[[1, 3, 5], [4, 7, 2], [6, 0, 8]] 5 7
[[1, 3, 5], [4, 7, 2], [6, 0, 8]] 5 7
[[1, 3, 5], [4, 7, 2], [6, 0, 8]] 5 7
42
[[0, 5, 2], [1, 4, 3], [6, 7, 8]] 6 6
[[0, 5, 2], [1, 4, 3], [6, 7, 8]] 6 6
43
[[1, 5, 2], [6, 4, 3], [0, 7, 8]] 6 6
[[1, 5, 2], [6, 4, 3], [0, 7, 8]] 6 6
44
[[1, 5, 0], [4, 3, 2], [6, 7, 8]] 6 6
[[1, 5, 0], [4, 3, 2], [6, 7, 8]] 6 6
45
[[1, 5, 2], [4, 3, 8], [6, 7, 0]] 6 6
[[1, 5, 2], [4, 3, 8], [6, 7, 0]] 6 6
46
[[0, 3, 5], [1, 4, 2], [6, 7, 8]] 6 6
[[0, 3, 5], [1, 4, 2], [6, 7, 8]] 6 6
47
[[1, 3, 5], [6, 4, 2], [0, 7, 8]] 6 6
[[1, 3, 5], [6, 4, 2], [0, 7, 8]] 6 6
48
[[4, 1, 5], [0, 3, 2], [6, 7, 8]] 7 5
[[4, 1, 5], [0, 3, 2], [6, 7, 8]] 7 5
[[4, 1, 5], [0, 3, 2], [6, 7, 8]] 7 5
49
[[1, 2, 0], [4, 7, 3], [6, 8, 5]] 4 8
[[1, 2, 0], [4, 7, 3], [6, 8, 5]] 4 8
50
[[2, 4, 3], [0, 1, 5], [6, 7, 8]] 5 7
[[2, 4, 3], [0, 1, 5], [6, 7, 8]] 5 7
[[2, 4, 3], [0, 1, 5], [6, 7, 8]] 5 7
51
[[4, 1, 2], [5, 3, 0], [6, 7, 8]] 7 5
[[4, 1, 2], [5, 3, 0], [6, 7, 8]] 7 5
[[4, 1, 2], [5, 3, 0], [6, 7, 8]] 7 5
52
[[3, 0, 5], [1, 4, 2], [6, 7, 8]] 7 5
[[3, 0, 5], [1, 4, 2], [6, 7, 8]] 7 5
[[3, 0, 5], [1, 4, 2], [6, 7, 8]] 7 5
53
[[4, 1, 5], [3, 0, 2], [6, 7, 8]] 8 4
[[4, 1, 5], [3, 0, 2], [6, 7, 8]] 8 4
[[4, 1, 5], [3, 0, 2], [6, 7, 8]] 8 4
[[4, 1, 5], [3, 0, 2], [6, 7, 8]] 8 4
54
[[1, 0, 2], [4, 7, 3], [6, 8, 5]] 5 7
[[1, 0, 2], [4, 7, 3], [6, 8, 5]] 5 7
[[1, 0, 2], [4, 7, 3], [6, 8, 5]] 5 7
55
[[0, 1, 2], [4, 7, 3], [6, 8, 5]] 6 6
[[0, 1, 2], [4, 7, 3], [6, 8, 5]] 6 6
56
[[1, 2, 3], [4, 5, 8], [0, 6, 7]] 4 10
[[1, 2, 3], [4, 5, 8], [0, 6, 7]] 4 10
57
[[1, 2, 3], [4, 0, 8], [6, 5, 7]] 4 10
[[1, 2, 3], [4, 0, 8], [6, 5, 7]] 4 10
[[1, 2, 3], [4, 0, 8], [6, 5, 7]] 4 10
[[1, 2, 3], [4, 0, 8], [6, 5, 7]] 4 10
58
[[0, 2, 3], [1, 7, 5], [4, 6, 8]] 4 10
[[0, 2, 3], [1, 7, 5], [4, 6, 8]] 4 10
59
[[1, 2, 3], [7, 0, 5], [4, 6, 8]] 4 10
[[1, 2, 3], [7, 0, 5], [4, 6, 8]] 4 10
[[1, 2, 3], [7, 0, 5], [4, 6, 8]] 4 10
[[1, 2, 3], [7, 0, 5], [4, 6, 8]] 4 10
60
[[1, 2, 3], [4, 0, 7], [6, 8, 5]] 4 10
[[1, 2, 3], [4, 0, 7], [6, 8, 5]] 4 10
[[1, 2, 3], [4, 0, 7], [6, 8, 5]] 4 10
[[1, 2, 3], [4, 0, 7], [6, 8, 5]] 4 10
61
[[2, 4, 3], [1, 5, 0], [6, 7, 8]] 5 9
[[2, 4, 3], [1, 5, 0], [6, 7, 8]] 5 9
[[2, 4, 3], [1, 5, 0], [6, 7, 8]] 5 9
62
[[2, 4, 3], [1, 7, 5], [6, 0, 8]] 5 9
[[2, 4, 3], [1, 7, 5], [6, 0, 8]] 5 9
[[2, 4, 3], [1, 7, 5], [6, 0, 8]] 5 9
63
[[1, 2, 3], [0, 6, 5], [7, 4, 8]] 5 9
[[1, 2, 3], [0, 6, 5], [7, 4, 8]] 5 9
[[1, 2, 3], [0, 6, 5], [7, 4, 8]] 5 9
64
[[1, 0, 3], [6, 2, 5], [7, 4, 8]] 5 9
[[1, 0, 3], [6, 2, 5], [7, 4, 8]] 5 9
[[1, 0, 3], [6, 2, 5], [7, 4, 8]] 5 9
65
[[1, 2, 3], [6, 5, 0], [7, 4, 8]] 5 9
[[1, 2, 3], [6, 5, 0], [7, 4, 8]] 5 9
[[1, 2, 3], [6, 5, 0], [7, 4, 8]] 5 9
66
[[1, 2, 3], [6, 4, 0], [7, 8, 5]] 5 9
[[1, 2, 3], [6, 4, 0], [7, 8, 5]] 5 9
[[1, 2, 3], [6, 4, 0], [7, 8, 5]] 5 9
67
[[4, 0, 3], [2, 1, 5], [6, 7, 8]] 5 9
[[4, 0, 3], [2, 1, 5], [6, 7, 8]] 5 9
[[4, 0, 3], [2, 1, 5], [6, 7, 8]] 5 9
68
[[4, 1, 3], [2, 5, 0], [6, 7, 8]] 5 9
[[4, 1, 3], [2, 5, 0], [6, 7, 8]] 5 9
[[4, 1, 3], [2, 5, 0], [6, 7, 8]] 5 9
69
[[4, 1, 3], [2, 7, 5], [6, 0, 8]] 5 9
[[4, 1, 3], [2, 7, 5], [6, 0, 8]] 5 9
[[4, 1, 3], [2, 7, 5], [6, 0, 8]] 5 9
70
[[4, 1, 3], [6, 2, 5], [7, 0, 8]] 5 9
[[4, 1, 3], [6, 2, 5], [7, 0, 8]] 5 9
[[4, 1, 3], [6, 2, 5], [7, 0, 8]] 5 9
71
[[1, 3, 5], [4, 2, 8], [6, 0, 7]] 5 9
[[1, 3, 5], [4, 2, 8], [6, 0, 7]] 5 9
[[1, 3, 5], [4, 2, 8], [6, 0, 7]] 5 9
72
[[1, 5, 2], [4, 7, 3], [0, 6, 8]] 6 8
[[1, 5, 2], [4, 7, 3], [0, 6, 8]] 6 8
73
[[1, 5, 2], [4, 7, 3], [6, 8, 0]] 6 8
[[1, 5, 2], [4, 7, 3], [6, 8, 0]] 6 8
74
[[4, 0, 2], [5, 1, 3], [6, 7, 8]] 7 7
[[4, 0, 2], [5, 1, 3], [6, 7, 8]] 7 7
[[4, 0, 2], [5, 1, 3], [6, 7, 8]] 7 7
75
[[4, 1, 2], [5, 7, 3], [6, 0, 8]] 7 7
[[4, 1, 2], [5, 7, 3], [6, 0, 8]] 7 7
[[4, 1, 2], [5, 7, 3], [6, 0, 8]] 7 7
76
[[4, 1, 2], [6, 5, 3], [7, 0, 8]] 7 7
[[4, 1, 2], [6, 5, 3], [7, 0, 8]] 7 7
[[4, 1, 2], [6, 5, 3], [7, 0, 8]] 7 7
77
[[2, 3, 5], [1, 0, 4], [6, 7, 8]] 6 8
[[2, 3, 5], [1, 0, 4], [6, 7, 8]] 6 8
[[2, 3, 5], [1, 0, 4], [6, 7, 8]] 6 8
[[2, 3, 5], [1, 0, 4], [6, 7, 8]] 6 8
78
[[2, 3, 5], [1, 4, 8], [6, 7, 0]] 6 8
[[2, 3, 5], [1, 4, 8], [6, 7, 0]] 6 8
79
[[1, 3, 5], [4, 7, 2], [0, 6, 8]] 6 8
[[1, 3, 5], [4, 7, 2], [0, 6, 8]] 6 8
80
[[1, 3, 5], [4, 7, 2], [6, 8, 0]] 6 8
[[1, 3, 5], [4, 7, 2], [6, 8, 0]] 6 8
81
[[5, 0, 2], [1, 4, 3], [6, 7, 8]] 7 7
[[5, 0, 2], [1, 4, 3], [6, 7, 8]] 7 7
[[5, 0, 2], [1, 4, 3], [6, 7, 8]] 7 7
82
[[1, 5, 2], [6, 4, 3], [7, 0, 8]] 7 7
[[1, 5, 2], [6, 4, 3], [7, 0, 8]] 7 7
[[1, 5, 2], [6, 4, 3], [7, 0, 8]] 7 7
83
[[1, 5, 2], [4, 3, 8], [6, 0, 7]] 7 7
[[1, 5, 2], [4, 3, 8], [6, 0, 7]] 7 7
[[1, 5, 2], [4, 3, 8], [6, 0, 7]] 7 7
84
[[1, 3, 5], [6, 4, 2], [7, 0, 8]] 7 7
[[1, 3, 5], [6, 4, 2], [7, 0, 8]] 7 7
[[1, 3, 5], [6, 4, 2], [7, 0, 8]] 7 7
85
[[4, 1, 5], [6, 3, 2], [0, 7, 8]] 8 6
[[4, 1, 5], [6, 3, 2], [0, 7, 8]] 8 6
86
[[0, 4, 3], [2, 1, 5], [6, 7, 8]] 6 8
[[0, 4, 3], [2, 1, 5], [6, 7, 8]] 6 8
87
[[2, 4, 3], [6, 1, 5], [0, 7, 8]] 6 8
[[2, 4, 3], [6, 1, 5], [0, 7, 8]] 6 8
88
[[4, 1, 0], [5, 3, 2], [6, 7, 8]] 8 6
[[4, 1, 0], [5, 3, 2], [6, 7, 8]] 8 6
89
[[4, 1, 2], [5, 3, 8], [6, 7, 0]] 8 6
[[4, 1, 2], [5, 3, 8], [6, 7, 0]] 8 6
90
[[3, 5, 0], [1, 4, 2], [6, 7, 8]] 8 6
[[3, 5, 0], [1, 4, 2], [6, 7, 8]] 8 6
91
[[3, 4, 5], [1, 0, 2], [6, 7, 8]] 8 6
[[3, 4, 5], [1, 0, 2], [6, 7, 8]] 8 6
[[3, 4, 5], [1, 0, 2], [6, 7, 8]] 8 6
[[3, 4, 5], [1, 0, 2], [6, 7, 8]] 8 6
92
[[4, 0, 5], [3, 1, 2], [6, 7, 8]] 9 5
[[4, 0, 5], [3, 1, 2], [6, 7, 8]] 9 5
[[4, 0, 5], [3, 1, 2], [6, 7, 8]] 9 5
93
[[4, 1, 5], [3, 2, 0], [6, 7, 8]] 9 5
[[4, 1, 5], [3, 2, 0], [6, 7, 8]] 9 5
[[4, 1, 5], [3, 2, 0], [6, 7, 8]] 9 5
94
[[4, 1, 5], [3, 7, 2], [6, 0, 8]] 9 5
[[4, 1, 5], [3, 7, 2], [6, 0, 8]] 9 5
[[4, 1, 5], [3, 7, 2], [6, 0, 8]] 9 5
95
[[1, 7, 2], [4, 0, 3], [6, 8, 5]] 6 8
[[1, 7, 2], [4, 0, 3], [6, 8, 5]] 6 8
[[1, 7, 2], [4, 0, 3], [6, 8, 5]] 6 8
[[1, 7, 2], [4, 0, 3], [6, 8, 5]] 6 8
96
[[4, 1, 2], [0, 7, 3], [6, 8, 5]] 7 7
[[4, 1, 2], [0, 7, 3], [6, 8, 5]] 7 7
[[4, 1, 2], [0, 7, 3], [6, 8, 5]] 7 7
97
[[1, 2, 3], [0, 4, 8], [6, 5, 7]] 5 9
[[1, 2, 3], [0, 4, 8], [6, 5, 7]] 5 9
[[1, 2, 3], [0, 4, 8], [6, 5, 7]] 5 9
98
[[1, 2, 3], [0, 4, 7], [6, 8, 5]] 5 9
[[1, 2, 3], [0, 4, 7], [6, 8, 5]] 5 9
[[1, 2, 3], [0, 4, 7], [6, 8, 5]] 5 9
99
[[2, 4, 0], [1, 5, 3], [6, 7, 8]] 6 8
[[2, 4, 0], [1, 5, 3], [6, 7, 8]] 6 8
100
[[0, 1, 3], [6, 2, 5], [7, 4, 8]] 6 8
[[0, 1, 3], [6, 2, 5], [7, 4, 8]] 6 8
101
[[1, 3, 0], [6, 2, 5], [7, 4, 8]] 6 8
[[1, 3, 0], [6, 2, 5], [7, 4, 8]] 6 8
102
[[1, 2, 0], [6, 5, 3], [7, 4, 8]] 6 8
[[1, 2, 0], [6, 5, 3], [7, 4, 8]] 6 8
103
[[1, 2, 0], [6, 4, 3], [7, 8, 5]] 6 8
[[1, 2, 0], [6, 4, 3], [7, 8, 5]] 6 8
104
[[4, 3, 0], [2, 1, 5], [6, 7, 8]] 6 8
[[4, 3, 0], [2, 1, 5], [6, 7, 8]] 6 8
105
[[4, 1, 0], [2, 5, 3], [6, 7, 8]] 6 8
[[4, 1, 0], [2, 5, 3], [6, 7, 8]] 6 8
106
[[0, 4, 2], [5, 1, 3], [6, 7, 8]] 8 6
[[0, 4, 2], [5, 1, 3], [6, 7, 8]] 8 6
107
[[2, 3, 5], [0, 1, 4], [6, 7, 8]] 7 7
[[2, 3, 5], [0, 1, 4], [6, 7, 8]] 7 7
[[2, 3, 5], [0, 1, 4], [6, 7, 8]] 7 7
108
[[2, 0, 5], [1, 3, 4], [6, 7, 8]] 7 7
[[2, 0, 5], [1, 3, 4], [6, 7, 8]] 7 7
[[2, 0, 5], [1, 3, 4], [6, 7, 8]] 7 7
109
[[3, 5, 2], [1, 4, 0], [6, 7, 8]] 9 5
[[3, 5, 2], [1, 4, 0], [6, 7, 8]] 9 5
[[3, 5, 2], [1, 4, 0], [6, 7, 8]] 9 5
110
[[3, 4, 5], [0, 1, 2], [6, 7, 8]] 9 5
[[3, 4, 5], [0, 1, 2], [6, 7, 8]] 9 5
[[3, 4, 5], [0, 1, 2], [6, 7, 8]] 9 5
111
[[0, 4, 5], [3, 1, 2], [6, 7, 8]] 10 4
[[0, 4, 5], [3, 1, 2], [6, 7, 8]] 10 4
112
[[4, 1, 0], [3, 2, 5], [6, 7, 8]] 10 4
[[4, 1, 0], [3, 2, 5], [6, 7, 8]] 10 4
113
[[1, 7, 2], [0, 4, 3], [6, 8, 5]] 7 7
[[1, 7, 2], [0, 4, 3], [6, 8, 5]] 7 7
[[1, 7, 2], [0, 4, 3], [6, 8, 5]] 7 7
114
[[1, 7, 2], [4, 3, 0], [6, 8, 5]] 7 7
[[1, 7, 2], [4, 3, 0], [6, 8, 5]] 7 7
[[1, 7, 2], [4, 3, 0], [6, 8, 5]] 7 7
115
[[1, 0, 2], [6, 5, 3], [7, 4, 8]] 7 7
[[1, 0, 2], [6, 5, 3], [7, 4, 8]] 7 7
[[1, 0, 2], [6, 5, 3], [7, 4, 8]] 7 7
116
[[1, 0, 2], [6, 4, 3], [7, 8, 5]] 7 7
[[1, 0, 2], [6, 4, 3], [7, 8, 5]] 7 7
[[1, 0, 2], [6, 4, 3], [7, 8, 5]] 7 7
117
[[0, 2, 5], [1, 3, 4], [6, 7, 8]] 8 6
[[0, 2, 5], [1, 3, 4], [6, 7, 8]] 8 6
118
[[1, 7, 2], [4, 3, 5], [6, 8, 0]] 8 6
[[1, 7, 2], [4, 3, 5], [6, 8, 0]] 8 6
119
[[0, 1, 2], [6, 5, 3], [7, 4, 8]] 8 6
[[0, 1, 2], [6, 5, 3], [7, 4, 8]] 8 6
120
[[0, 1, 2], [6, 4, 3], [7, 8, 5]] 8 6
[[0, 1, 2], [6, 4, 3], [7, 8, 5]] 8 6
121
[[1, 2, 5], [0, 3, 4], [6, 7, 8]] 9 5
[[1, 2, 5], [0, 3, 4], [6, 7, 8]] 9 5
[[1, 2, 5], [0, 3, 4], [6, 7, 8]] 9 5
122
[[1, 7, 2], [4, 3, 5], [6, 0, 8]] 9 5
[[1, 7, 2], [4, 3, 5], [6, 0, 8]] 9 5
[[1, 7, 2], [4, 3, 5], [6, 0, 8]] 9 5
123
[[1, 2, 5], [3, 0, 4], [6, 7, 8]] 10 4
[[1, 2, 5], [3, 0, 4], [6, 7, 8]] 10 4
[[1, 2, 5], [3, 0, 4], [6, 7, 8]] 10 4
[[1, 2, 5], [3, 0, 4], [6, 7, 8]] 10 4
124
[[1, 2, 5], [3, 4, 0], [6, 7, 8]] 11 3
[[1, 2, 5], [3, 4, 0], [6, 7, 8]] 11 3
[[1, 2, 5], [3, 4, 0], [6, 7, 8]] 11 3
125
[[1, 2, 0], [3, 4, 5], [6, 7, 8]] 12 2
[[1, 2, 0], [3, 4, 5], [6, 7, 8]] 12 2
126
[[1, 0, 2], [3, 4, 5], [6, 7, 8]] 13 1
[[1, 0, 2], [3, 4, 5], [6, 7, 8]] 13 1
[[1, 0, 2], [3, 4, 5], [6, 7, 8]] 13 1
127
seq ['esquerda', 'cima', 'direita', 'direita', 'baixo', 'esquerda', 'cima', 'esquerda', 'baixo', 'direita', 'direita', 'cima', 'esquerda', 'esquerda']
